$ANSIBLE_VAULT;1.1;AES256
63643165653233663266663933616336366162393830376563633034343762313931666637313764
3262356530643161303033636265613533623837343263310a353734663033633766393239393533
38366531383733623564663830396238656166373432353335373363376361366264326666613165
3963663332383938380a303934656139353165353332336634323061646339306265383438383535
34336335333132323936396333333462633130626235376333643562633833383833636136643964
39613135616138636536396434343933656263613366333163353332313935353433336332356336
33663234316563636339393465386233613365656638363736353762623764613834353333613931
33306465633036346437366130306665336464646437316431613762633239323963343861623230
39316231353931393039613866363665363632396465613733333964633362643163633531336662
32613237323864386464373831356430306334343132306536326536356563326262326637633435
34353336656432336461366532323461623764336461383131333766306364653464366663303136
36333962323439663362616665386436313166643937393634663238346333373535386363376261
38333836306433356366303238656334663165303538623735653038353639626461396665396165
33393832343266613332333936366134326536313961333964316463343332363639376237336564
30376537363730613138343464666264363765363331613635623234633832393231643139323461
36376464666563356531333635633461386363656361636630373730316532376166623832383139
38396530613432646363616265333936663166333738363033643530383837336432633433646237
61353332383263373062653033633838333839376436653030623562346533646131616463646431
66613838323161653933383062646365393832313032333138306638323235363935646138663964
38333635383362626232373062363265356231303732623934616337616262373162363565343365
35623537356332363633326433623238616335313937373135626565306533643966353233343966
34306236326166303036613031383833366234626637646161656231626535366337633961393936
38653635313365353132626132396462356239663461623533643633396664303533313135343836
32333436626561323239376562656662316262373835653930343032636136366438623837353336
31336637653538356633353731353863376464666632626132336137313933316365636336636665
62646564363637306461613637613263396234656162373234303439303664396163393861373265
64303338303337366366393366343834613131386637653439303230653365383361623030636230
63316361336465333338
