$ANSIBLE_VAULT;1.1;AES256
39386430333236613032336237303264643338393131316134323432613033343063316332343831
6632626361316463633962316265333663316235323636350a373961306434313236646464656133
34646336656134333639613630343061633230663230653738376139643861656433653133633339
6639613065386232640a393462353766666464656563313763333662373965383132393632633034
66383938373263343433613232356461363066366461323231633036633963343036633739353730
37666364376337393362373139353631396632356232333661316262313938613834333436333634
64313563616336393566353932646663636532333735363163613234333639363937333138643935
64653266326266633863653435353633656366313763353066373461383563636362626537393137
34363733323530333061623632373337393438336230656236313438356436656139313935383535
33663633386132376132363238303039636661323638303730303762316633626265623831323266
36626338366439656231633031353664653034623733363936613433616161656636306338393538
36316463336434653630336232613435386465366634636138373938663562656335353765316432
30333665653833363163623136336534623135313361646138393939306633633433623031323334
33613561323166326130663163313664376662653864363538343230666137383336643730633733
30656365356665656631373531646630653838376138393664303735313136313865643164316238
32623533383461303565333531353435656564383163336662643062643561623136343434393636
35386338303233633537366436613935313961653636623062376238383065306536373432343832
65303462626130333463663137646436656665653339346261366532383766336633393661333464
39373166643263333036383163646131323761613563386365306131313130663636633765613737
33366638346236356334663937396466323262386133383761303530666132363532376663616632
61326239623731623832626336336536333839366132656339383835373166303339393430323238
31313361343131343936373465353161376538343336336131383835303536366333666161663961
64666632656134376333333831663638323765386363396566386364623066326664313939613761
62343530333334346437336339373233396436353064613533386434313163653238363639636231
37613833653961393535623264643530343764356238663162336631666634653736373534336561
35653636303231316262386264366561616438346237333463343164383963373234346439303261
62623435326236633633383362356361313065646432623734333361656533366233623461363138
62623430356430323961363039643363346439626463353233613766353636306265393638313036
61363138386163376230653631383763623330313432353361336562366630633933373733323634
37623937653137343362643261326161336435636566643231356130363962656162356530636130
37643032356561306235663637343539363565646335333030396666346434346238313234373233
35636532653231333034636565643963653063326436663033353835393536353061333137393038
31376530363761346530656638366363333565303966343062363465636135373638623839636234
32636433623237613963383731343038376462353230353837636134343036376430353538663563
39373334616137393034633036653861643230356338343632386462623632326534663962336365
61623061306666383863653136343136313864346461383038633234623662663635313537633362
37623663396665666131393130356431333132366331363232616439643833303238626337623863
61653531303430386532313532333838666430653135316433313837616362393432366261333366
37626161643965353638613432353365666462393165323963313030376333383763386533663566
61393665656366633962393762333461353233313265396365363062613063623239613236346337
66643665636435313265316662623363393139353866643937393866666531303730663537656263
34306164353330303463626339633335393534303535386537386534306630383437616139356462
38646461316464633664383031326631626461633163643863303561373663613537633939656361
39373433636339333636386364383763623866373463396338633332646136373630623465363061
63313237373339396264393164353065383062666634643334326438303462653133313436383830
36626536316136623936636137633764356261653136653834303939646338346437383666316666
63626539356234386164656365376139373138343862333063363237303864636637346337613165
61303931616263636134313466333861333237386563616333663833386637613939643332386264
32656565646334333330306536323632663438623063643437646336306366633730393765363965
38343230646234373339303438313138613861313837313330396536643963636538633638353966
37666530643838613965613534623766356131313634663535353365646462306561336666643662
64623966623734303636323938373031373966303234653337306464303266306332633262393630
34343535666330313132316538323266663431363130383433396365306234336433623932376465
32616361323133646339303434656439353062616135623164393234376339383561393063303865
63303536396634633836343464616433313139353764623632623362396662376165393366666337
66633964333230633638313038373438313832376365333332623266393230663035653837646230
30313431633131656162656165323130623437303335323637333262656438366662303432363139
65323638613735643736643731303038626466336333373766383265376433343266393133663636
62313337643631376136313533313363363831393231303332386435343338353730666564656132
31613463643035323334366538393737636234326132333237623134363361383732616261313234
65336163633732633333333262323730323532356263396132613035336135663166353061306138
64353333663366393661353031633736643337663463306262313934353534626333383238643931
38373931333536306561616131616437613231613832376534383539363332636133363265303836
35393331656632386330386665313163393636636439633431643535663830346239643164633464
32316264373937643461373836313336393066363739343633663632333731306539326564663565
66396533353234626562303034303862616563303330623139316361383038663935326662346639
37653663663765346563383434383864356532643664373065323334303634626665336530373833
61626266323839333137306363663334356332623964623234653935333635346632306636383733
31333739303337333635643364343739303430306230613366363732333163373063313361663336
63393531303834333930396230366564343739313936623835363433353261613632616337363962
33376462306161613738383063396161626337313635393363666131623062643933636132323531
34303361636262353039323630643263346162346336386237613363666266333230626266303536
34623931373239353733643665346264653463653235323163636635653061613466633535373866
38623737323638376665643337653461373634656230393962366137646635616361363737303163
65333663313361353139333538653664366438316536366363336337343630633334333231313963
32393039636366646634366231633830353433393339616533316531326339326262363231383664
30323862623061346236346665313430646565303133656236633434373863626134306263323566
31326434616535646336396464653764646338316637356638663638633033366331336164626333
65303932303335343930353338336465353262383036353031656338303930323431653131623732
32383235306331326436623931326231336634353662623230363437343131613837666266626131
65316366646632623266353665656564323566306163343764653734323239636464346630376336
63393466313632663163646466643931396130646465316365636166656237383664326361373635
33646330363730343132383231303036633030663839373162333861656566626230633134376433
30346466623934646534663063396265303934643666353438613263346263623032306537393937
38373561613934643965323362326164633833393732343639376439306131383038343562616334
62666535323137323635323666643233663437663263636435323438306333613465653634356166
31336134386633343965646665626365373766393834363032343833323030343733663930316539
61323131383561656163356530343634653939653465643134303864636561626635343536613138
3335
