$ANSIBLE_VAULT;1.1;AES256
37363935623630663263303161373732613935383764643363393632666362613365346334613638
3232383937316134653038626631386134323839366530610a393830626134333961633031646339
34643262616565373166336435643839323032313661636535363238653162353537306465313836
3334333933353936340a386561373435396565373936656332346361613962383161306361373039
30656434303734653736343365336436333263333732306536366461383835663638636462376630
64636633393237353234323833326430346661343438393462656234616231633630326366643163
63373933386635356438353464313637633930383832656232643862316463393765363066353465
63313235653135386231666435323233663333373639363439333061326633353337663866316435
30353865323534616235663062356532353336326530363362653666303134326433376662316233
31626162306164376236613264333532656164353666656236656431353836613738613630346130
37313037376234393235356330306436383062656538356634313636656636396564373839346163
31633338376566636262336230393865643062363636656636643334613231636363366663373136
66386163383765653339336362653637376132336631363332643766303965373466643662303834
3133386536653636353830646434633039396638383231623962
