$ANSIBLE_VAULT;1.1;AES256
63333266366564616662373162313133636339303535306536396439393730646265363631613331
3232363337633333316164323162643530336637633238390a363865613639363461346434623466
62613861643536633237643936663236613364613266386239666565313038653338633238626164
3236313539346634610a366233616565333364393334623664373766396563636463383062323239
64343730306230386235613134353734303236623663343231646638333261396533636566343432
38356336666538363933313366353235346661363238616464646263626363653430646132646636
62333634383638393538396439383338623166393632366664346136623463323639613232373035
33646634306464373762376432353935643335373233383832636137383962303133373034343738
33343836326261333335656465336564656663393833326439383937323438353637626464396465
66343462353332653362643765656633623361326164633462383239363138663063616635313331
65373966626435663264643739616364353265623539656330383266396563383466653530306236
30393662636131363939343336396137636661323262653536393634383866623338343466373438
30376366343538323831323536656465666237663934383334633631633038313463663963353263
62333763366565333761616139646234626239326539623763613030316437346635306230343563
31633035363037623464353830396335623433353064343561326133346139656662393533336666
36646161663464346630623231336561666361323431323162653935313334636562653830613939
65353436393637623830666563353164646437333761366636363732313634363265636432663032
35643563323231646466373964613563373632633464356530633630386638623334383833663835
30663730653438343137623164343762643131623739346437663434343834303133333362393730
31363230613537303538353634303730386563386539653330623163653333373965313839313632
65343662346230653966636364373162376565643834303966386333376665303935656337386337
65323231646662303239383435633830626336656163353663663234613065303365393837633862
64396439653863323033303965303861386532386338313438356633313937386164326265383135
34393632363664363331346666613864656265613437613764383137336264396430303062353761
39326531336262613132366335376533393864643435316539333163376336613865393362386233
3438373964636562656137383834363935353838336331323636
