$ANSIBLE_VAULT;1.1;AES256
66653735623235396331366563383936666536613361663437343239636238663232346231333365
3130653337353734396564303863303566633066346366650a376261353731363733663135666163
65353162386433343336376366646233303665353866646538383264333962313430656231643030
6662643465656163650a623331643261333337393937643833326637616661613538336530343234
64643630386463636563633836613461313533323633613565646666366536393761306531396237
63303462643461633339336436356438626235366435643962643462663766323462393135343665
65633438303532396138303663653365323761356637323066386236356436316266383162333031
32343230373730636561373239336134346661663438303936656232363138356233323435643034
65346363393437396239353336663166626331386634636664646363333138646430643561303138
66333964623739383438633466343430656166376338363061343333383664636632336431326636
61666462306432666332336232343931393861636334313032396430343233323032376435656266
31396333653933363732663832633966343936613131313339356232393766356261373035653463
38666235643862646434636330303134663132393435656666656131663336313331623435653063
62346337323435646433353266393761636533393266656361636538333331396265313765393137
30633564653865353233383833363933376631353365343935656537623162336638613961313933
33326233653438313230383738366363316465343030633066653962326331613733353539616466
39376536353335656639346235353665623863653034666265393163323739333031333838303764
32333233363965663732366665633262633231623734373039303265326138333862633664616630
38306263346630663534613136336536643238383330353833653839396236343231376137316338
34336162396333333066343463666365343134633532313864613366333639383333623765316233
33376363326430326638373831333934663034303562653665363932353536373939643837663439
35613863346234633137623633303634373864633530623164303365313630313733356635663762
65323038303537613432616532316336613035623830343262626264663065303265306638323961
30626333366665303039336433336163656332643663353436613838346536396233653630343562
33386437363863333937353061663930363238336239316465383737646663646261
