$ANSIBLE_VAULT;1.1;AES256
32666335613734633537666538633333323838393966383964326530643365316464366232333938
3366633438336636643232343936306265653265356639310a626361316235383434303265323030
34336338643464336362303038313630663333336630346431323063306330663133613363363065
3262383264343463660a656639393166356636663938646135383738313062383531623138303661
36333532383865666439316663323038663636326333366163323032633465343132353562353238
39653832363637346639346462663962343432626331383061636363333139336465666566653838
33393138323538356539356565343465346361613664343435383964353663363530636233383330
30663863666665626564353063343532313563643933323638333533396464646436313336613564
63613631313932643237613930336530323736333461343731626339666666656535303437643239
31376633396666393432653665376636666363326665636166643532663933326436643764383839
66353530333030663633623639376337643835346431363133386134643761633062333566326363
63633063353833313132
