$ANSIBLE_VAULT;1.1;AES256
63363332623133373839626230663337356539373565633333613435306161623931326334613434
6137653637363463616539663561353563333436653730360a616333663432613737333765663262
34333930356535346463626266623464356530333537613665346634313337316137346665366363
3933326132356136370a623137393130373538316332326434303334626135643834366662316139
65346234383635663635616464386431363561396236336366386462346630646338333339613435
66393836333636616631636339626236333034366536343362333166336534613530376238343630
32383061623931623339316663626336653966656462623031633834363839373138323865663232
33323433666435376663383461353162613061663563333937316266636532356363386162623933
63393966363563373061383765333265373765663561343035626562303263633830373734323638
64313263333336343336666134323338303836316262343132636330386132386432343630666431
34373463623063303666646163346132636265643930623834393436376337653831383061396362
33653030646534336533326333393363636333346237623763373538633432346239343039303063
6464
